26.674

54.191
42.089


29.209

57.536
61.418
61.965
58.419
69.02
64.88
57.135
59.179
41.164
42.875
56.124
65.022
66.35
54.806
32.696

28.799
39.845
51.422
46.829
50.04

56.632
61.39
29.982
38.426
39.779
37.869
68.28
47.801

32.61
35.555
68.516
54.336
39.247


48.385
40.1
38.342
41.625

56.114
31.156
60.251
58.225
65.836
64.43

70.33
40.375

44.311

47.277
38.466
43.261
33.882
35.462

64.36
33.3


51.109
64.24
66.39
52.25
45.598
35.963
29.691
59.841
66.776
41.122

65.419

55.231
51.655
56.131
41.371

32.536

56.959
36.269

40.847
62.121
62.07
71.01
34.83
36.397
39.418
34.865
65.61

64.172
65.77
56.63
59.3

44.763
54.17
41.585
42.61
29.717
46.676


51.274
51.911
40.328
59.715
59.586
41.019
32.69
37.271

63.56
65.248
59.987
53.042
35.349
36.024
53.486
32.647
26.408
65.57

54.153
37.445
48.084
44.709
48.556
53.776
58.145

42.524
59.178

45.037
30.276
33.282
40.253

34.593
71.45
58.408
49.087
69.29

41.05
34.88
33.327




71.6
34.192
36.039

55.728
33.682
62.688
43.113
54.738

59.045
58.53
60.919
53.606
45.311
61.11
57.3
39.408



52.008

49.986

44.88

45.546
40.973
34.508
58.175


57.994
28.42
58.389
60.89
64.451
44.375
33.178

43.547

26.665
61.87
52.483
43.414
54.663

40.498
71.14
68.94
47.514
54.6
52.205
40.402
50.863
28.949
33.927

57.927

56.89
38.255
40.171
50.426


38.986
64.276
41.413
68.7
68.12
65.804

54.896

40.747
54.046
46.121

34.753
51.85
57.403


23.387

41.236
47.691
