60.524

77.185
70.874


51.498

75.783
76.128
74.469
75.324
82.364
80.965
70.686
75.079
76.474
70.258
75.205
69.829
80.373
73.673
59.165

67.888
66.969
76.211
47.152
73.667

78.35
73.448
55.932
53.637
71.577
54.61
81.323
74.771

49.517
50.724
80.186
79.691
75.178


73.835
60.661
49.643
58.32

79.712
50.367
76.881
79.088
79.674
77.552

79.251
61.319

73.181

76.195
70.933
72.361
52.562
62.329

74.335
62.983


69.626
80.362
81.663
76.887
76.048
63.115
58.59
74.162
80.578
60.979

80.593

72.64
80.694
78.586
71.77

55.865
54.054
66.134
62.746

73.503
83.199
74.491
81.96
66.168
70.624
73.736
69.181
80.531

81.641
82.235
73.338
83.418

73.7
66.394
61.115
68.59
69.701
81.294


74.186
67.37
67.865
72.045
79.716
48.947
60.23
75.13

71.942
80.371
80.186
75.041
64.28
54.798
74.836
77.564
54.622
79.574

81.18
61.39
73.453
78.964
77.281
68.882
68.779

67.286
74.715

70.714
49.91
65.009
64.014

67.989
80.906
76.774
76.092
80.982

74.515
57.934
52.116




81.367
76.287
66.42

77.342
62.288
72.181
74.525
68.538

76.239
79.732
78.686
78.231
79.397
73.718
67.874
63.563



74.686

72.389

72.867

66.211
75.264
63.3
73.934


73.024
45.338
82.155
75.272
79.444
67.465
54

56.271

54.666
81.958
74.116
61.875
70.794

48.91
81.69
82.471
71
79.45
67.118
60.885
74.225
67.033
56.198

72.516

69.761
75.632
74.938
65.299


58.668
68.414
76.671
80.396
78.797
77.084

68.117

71.344
74.477
73.018

67.473
75.793
79.922


62.923

57.037
58.142

